2 0.33984375 0.1987847222222222 0.021484375 0.03993055555555555
2 0.3671875 0.2065972222222222 0.021484375 0.034722222222222224
2 0.38134765625 0.2204861111111111 0.0205078125 0.03298611111111111
6 0.64013671875 0.5642361111111112 0.0078125 0.022569444444444444
6 0.6669921875 0.6085069444444444 0.0078125 0.017361111111111112
6 0.63232421875 0.6102430555555556 0.009765625 0.022569444444444444
4 0.5400390625 0.6059027777777778 0.013671875 0.027777777777777776
4 0.68603515625 0.6440972222222222 0.0107421875 0.020833333333333332
6 0.66357421875 0.6449652777777778 0.015625 0.027777777777777776
4 0.67724609375 0.6649305555555556 0.0107421875 0.027777777777777776
2 0.43212890625 0.6302083333333334 0.0400390625 0.08333333333333333
0 0.64453125 0.6753472222222222 0.0361328125 0.078125
8 0.6455078125 0.6805555555555556 0.0634765625 0.1284722222222222
2 0.4462890625 0.6857638888888888 0.044921875 0.09375
4 0.7060546875 0.7916666666666666 0.0166015625 0.03298611111111111
4 0.75048828125 0.8133680555555556 0.01953125 0.036458333333333336
3 0.55517578125 0.8012152777777778 0.03125 0.0625
4 0.734375 0.8411458333333334 0.015625 0.03819444444444445
5 0.6708984375 0.9340277777777778 0.017578125 0.036458333333333336
5 0.68798828125 0.9635416666666666 0.0185546875 0.043402777777777776