0 0.56005859375 0.3315972222222222 0.0458984375 0.06944444444444445
0 0.60888671875 0.3324652777777778 0.0517578125 0.06076388888888889
9 0.15478515625 0.3862847222222222 0.0224609375 0.019097222222222224
7 0.07666015625 0.3932291666666667 0.0224609375 0.022569444444444444
7 0.06396484375 0.3984375 0.0224609375 0.019097222222222224
5 0.064453125 0.421875 0.021484375 0.020833333333333332
2 0.07177734375 0.4496527777777778 0.0576171875 0.052083333333333336
2 0.0400390625 0.4670138888888889 0.076171875 0.0625
4 0.6787109375 0.515625 0.01171875 0.034722222222222224
4 0.64697265625 0.5182291666666666 0.0126953125 0.03993055555555555
4 0.6162109375 0.5434027777777778 0.01171875 0.03125
4 0.65966796875 0.5460069444444444 0.0107421875 0.043402777777777776
4 0.6689453125 0.5460069444444444 0.013671875 0.043402777777777776
4 0.58251953125 0.5607638888888888 0.0126953125 0.03819444444444445