7 0.96875 0.3767361111111111 0.0576171875 0.059027777777777776
7 0.955078125 0.3967013888888889 0.0732421875 0.07118055555555555
4 0.60498046875 0.4852430555555556 0.0263671875 0.08506944444444445
4 0.6982421875 0.5095486111111112 0.0302734375 0.09722222222222222
8 0.37548828125 0.5486111111111112 0.36328125 0.5815972222222222
4 0.240234375 0.5677083333333334 0.03515625 0.10069444444444445
4 0.62255859375 0.5529513888888888 0.0263671875 0.078125
6 0.10400390625 0.6197916666666666 0.0478515625 0.0798611111111111
6 0.20263671875 0.6345486111111112 0.0439453125 0.06944444444444445
0 0.326171875 0.6345486111111112 0.2451171875 0.4131944444444444
6 0.02392578125 0.7526041666666666 0.0400390625 0.09375