2 0.7392578125 0.15885416666666666 0.0234375 0.03993055555555555
9 0.548828125 0.2126736111111111 0.0087890625 0.019097222222222224
9 0.537109375 0.21614583333333334 0.0107421875 0.020833333333333332
4 0.80712890625 0.203125 0.0048828125 0.017361111111111112
0 0.7705078125 0.21788194444444445 0.029296875 0.059027777777777776
4 0.70556640625 0.2543402777777778 0.0048828125 0.017361111111111112
7 0.55712890625 0.2664930555555556 0.0185546875 0.027777777777777776
4 0.6787109375 0.2604166666666667 0.0048828125 0.019097222222222224
6 0.83544921875 0.2508680555555556 0.0126953125 0.012152777777777778
7 0.53515625 0.2708333333333333 0.013671875 0.026041666666666668
4 0.79638671875 0.2638888888888889 0.005859375 0.019097222222222224
6 0.814453125 0.2647569444444444 0.0126953125 0.013888888888888888
4 0.69384765625 0.2743055555555556 0.00390625 0.013888888888888888
6 0.89599609375 0.2690972222222222 0.015625 0.019097222222222224
4 0.814453125 0.2769097222222222 0.0048828125 0.017361111111111112
6 0.85009765625 0.2751736111111111 0.01171875 0.013888888888888888
4 0.76708984375 0.058159722222222224 0.00390625 0.013888888888888888
4 0.77734375 0.058159722222222224 0.0029296875 0.012152777777777778
4 0.78125 0.06163194444444445 0.0048828125 0.012152777777777778
4 0.787109375 0.06510416666666667 0.0048828125 0.010416666666666666
2 0.7646484375 0.15625 0.0234375 0.04513888888888889