2 0.3720703125 0.026909722222222224 0.02734375 0.05381944444444445
2 0.388671875 0.027777777777777776 0.029296875 0.05555555555555555
3 0.28271484375 0.012152777777777778 0.0205078125 0.024305555555555556
5 0.20703125 0.003472222222222222 0.015625 0.006944444444444444
8 0.15625 0.018229166666666668 0.076171875 0.036458333333333336
0 0.154296875 0.019965277777777776 0.08203125 0.03993055555555555
4 0.11767578125 0.006076388888888889 0.0146484375 0.012152777777777778
4 0.2744140625 0.03993055555555555 0.013671875 0.03298611111111111
4 0.07861328125 0.0078125 0.0126953125 0.015625
4 0.04541015625 0.0078125 0.0126953125 0.015625
6 0.12158203125 0.027777777777777776 0.0205078125 0.026041666666666668
6 0.08203125 0.018229166666666668 0.021484375 0.026041666666666668
6 0.04638671875 0.021701388888888888 0.0205078125 0.024305555555555556
6 0.05908203125 0.034722222222222224 0.0224609375 0.022569444444444444