8 0.615234375 0.4982638888888889 0.1533203125 0.19270833333333334
9 0.2822265625 0.6119791666666666 0.0146484375 0.024305555555555556
7 0.23046875 0.6319444444444444 0.0205078125 0.026041666666666668
9 0.27392578125 0.625 0.013671875 0.024305555555555556
7 0.21826171875 0.6484375 0.01953125 0.024305555555555556
5 0.19384765625 0.7178819444444444 0.0146484375 0.024305555555555556
0 0.67431640625 0.5824652777777778 0.0615234375 0.08159722222222222
5 0.1865234375 0.7326388888888888 0.015625 0.024305555555555556
4 0.1298828125 0.7638888888888888 0.009765625 0.026041666666666668
4 0.10791015625 0.7725694444444444 0.013671875 0.026041666666666668
4 0.10791015625 0.7934027777777778 0.009765625 0.026041666666666668
0 0.765625 0.6267361111111112 0.107421875 0.0954861111111111
3 0.15771484375 0.8029513888888888 0.0283203125 0.036458333333333336
0 0.048828125 0.8602430555555556 0.0498046875 0.08333333333333333
2 0.11865234375 0.8967013888888888 0.060546875 0.07465277777777778
2 0.076171875 0.9592013888888888 0.068359375 0.078125