2 0.33447265625 0.2552083333333333 0.025390625 0.043402777777777776
2 0.349609375 0.2638888888888889 0.025390625 0.04513888888888889
2 0.30810546875 0.2586805555555556 0.02734375 0.043402777777777776
6 0.6201171875 0.5512152777777778 0.0126953125 0.026041666666666668
6 0.64892578125 0.5911458333333334 0.015625 0.027777777777777776
6 0.61279296875 0.6024305555555556 0.013671875 0.026041666666666668
4 0.67041015625 0.625 0.015625 0.027777777777777776
8 0.63525390625 0.6215277777777778 0.0966796875 0.19618055555555555
6 0.64794921875 0.6276041666666666 0.01171875 0.026041666666666668
4 0.66015625 0.6475694444444444 0.0146484375 0.027777777777777776
4 0.50927734375 0.6241319444444444 0.0166015625 0.029513888888888888
0 0.61962890625 0.6684027777777778 0.05078125 0.0763888888888889
4 0.74072265625 0.7960069444444444 0.017578125 0.03125
4 0.69189453125 0.7838541666666666 0.0166015625 0.036458333333333336
2 0.38916015625 0.6805555555555556 0.0458984375 0.10416666666666667
4 0.7255859375 0.8359375 0.0166015625 0.034722222222222224
2 0.3974609375 0.7335069444444444 0.0478515625 0.10069444444444445
3 0.52001953125 0.8368055555555556 0.0283203125 0.0642361111111111
5 0.64794921875 0.9522569444444444 0.0205078125 0.05381944444444445
5 0.669921875 0.9809027777777778 0.017578125 0.034722222222222224