2 0.53662109375 0.2404513888888889 0.0400390625 0.0625
2 0.51171875 0.24305555555555555 0.044921875 0.06597222222222222
3 0.49658203125 0.3142361111111111 0.03125 0.03993055555555555
6 0.76416015625 0.4461805555555556 0.015625 0.024305555555555556
0 0.6455078125 0.3958333333333333 0.0498046875 0.09027777777777778
6 0.703125 0.4244791666666667 0.015625 0.017361111111111112
6 0.74560546875 0.4696180555555556 0.0146484375 0.022569444444444444
6 0.70703125 0.4574652777777778 0.01953125 0.024305555555555556
4 0.69775390625 0.4661458333333333 0.0107421875 0.027777777777777776
4 0.72900390625 0.4835069444444444 0.013671875 0.03125
4 0.599609375 0.4661458333333333 0.009765625 0.027777777777777776
4 0.57568359375 0.4887152777777778 0.01171875 0.024305555555555556
4 0.6162109375 0.5234375 0.013671875 0.03298611111111111
9 0.29296875 0.3932291666666667 0.0322265625 0.043402777777777776
9 0.26806640625 0.4105902777777778 0.033203125 0.04513888888888889
7 0.396484375 0.5789930555555556 0.05859375 0.0642361111111111
7 0.359375 0.6197916666666666 0.0654296875 0.07291666666666667
2 0.79345703125 0.1996527777777778 0.0234375 0.034722222222222224
2 0.76953125 0.1918402777777778 0.0263671875 0.036458333333333336
2 0.796875 0.2144097222222222 0.0263671875 0.03298611111111111