2 0.16259765625 0.1857638888888889 0.1708984375 0.1875
2 0.1298828125 0.2673611111111111 0.181640625 0.24479166666666666
2 0.25537109375 0.3984375 0.181640625 0.2378472222222222
7 0.47119140625 0.030381944444444444 0.017578125 0.024305555555555556
9 0.5302734375 0.059027777777777776 0.0126953125 0.020833333333333332
4 0.42626953125 0.025173611111111112 0.0048828125 0.012152777777777778
4 0.38330078125 0.013020833333333334 0.005859375 0.020833333333333332
4 0.3994140625 0.021701388888888888 0.005859375 0.019097222222222224
0 0.4404296875 0.03819444444444445 0.0283203125 0.03819444444444445
5 0.49853515625 0.059895833333333336 0.01171875 0.019097222222222224
6 0.37255859375 0.017361111111111112 0.01171875 0.017361111111111112
6 0.3935546875 0.025173611111111112 0.009765625 0.013888888888888888
0 0.8837890625 0.21180555555555555 0.03515625 0.04861111111111111
6 0.3603515625 0.019965277777777776 0.0126953125 0.019097222222222224
3 0.52197265625 0.08159722222222222 0.017578125 0.024305555555555556
0 0.92529296875 0.23697916666666666 0.0439453125 0.06944444444444445
2 0.55859375 0.10677083333333333 0.033203125 0.05381944444444445
4 0.46875 0.078125 0.0078125 0.019097222222222224