2 0.1025390625 0.5407986111111112 0.0263671875 0.04513888888888889
2 0.07666015625 0.5390625 0.02734375 0.04513888888888889
2 0.03369140625 0.5546875 0.03125 0.05381944444444445
4 0.53759765625 0.671875 0.0068359375 0.019097222222222224
4 0.525390625 0.6840277777777778 0.0068359375 0.019097222222222224
4 0.6181640625 0.7352430555555556 0.0078125 0.027777777777777776
4 0.59375 0.7456597222222222 0.0087890625 0.024305555555555556
4 0.62158203125 0.7595486111111112 0.0068359375 0.017361111111111112
4 0.44287109375 0.7430555555555556 0.0107421875 0.027777777777777776
2 0.38330078125 0.84375 0.02734375 0.08159722222222222
2 0.41455078125 0.8689236111111112 0.0283203125 0.0920138888888889
9 0.7685546875 0.9782986111111112 0.021484375 0.03993055555555555
9 0.794921875 0.9809027777777778 0.021484375 0.034722222222222224