2 0.1337890625 0.3993055555555556 0.0283203125 0.03819444444444445
2 0.1435546875 0.3975694444444444 0.0283203125 0.034722222222222224
2 0.10498046875 0.4140625 0.025390625 0.036458333333333336
8 0.2939453125 0.375 0.0693359375 0.11284722222222222
0 0.294921875 0.3845486111111111 0.0390625 0.07465277777777778
6 0.3291015625 0.375 0.0087890625 0.013888888888888888
4 0.337890625 0.3767361111111111 0.005859375 0.012152777777777778
6 0.34375 0.3741319444444444 0.009765625 0.013888888888888888
4 0.3525390625 0.3732638888888889 0.0087890625 0.022569444444444444
2 0.07958984375 0.4782986111111111 0.0576171875 0.07465277777777778
6 0.3330078125 0.3845486111111111 0.009765625 0.012152777777777778
4 0.21533203125 0.4322916666666667 0.0166015625 0.03125
4 0.33349609375 0.3984375 0.0107421875 0.022569444444444444
4 0.3701171875 0.3854166666666667 0.01171875 0.027777777777777776
4 0.34619140625 0.3984375 0.01171875 0.024305555555555556
3 0.16796875 0.46875 0.0361328125 0.041666666666666664
5 0.25439453125 0.4479166666666667 0.01953125 0.027777777777777776
5 0.26123046875 0.4461805555555556 0.021484375 0.024305555555555556
7 0.40283203125 0.4010416666666667 0.025390625 0.036458333333333336
7 0.42431640625 0.4027777777777778 0.0283203125 0.03993055555555555
9 0.23193359375 0.4895833333333333 0.0283203125 0.03993055555555555
9 0.24658203125 0.4887152777777778 0.029296875 0.034722222222222224