7 0.4951171875 0.2152777777777778 0.044921875 0.03993055555555555
7 0.49169921875 0.2378472222222222 0.048828125 0.05381944444444445
5 0.63427734375 0.3159722222222222 0.037109375 0.06076388888888889
5 0.650390625 0.3368055555555556 0.04296875 0.06597222222222222
4 0.392578125 0.4027777777777778 0.025390625 0.06944444444444445
3 0.9541015625 0.4939236111111111 0.08984375 0.16145833333333334
4 0.3056640625 0.4296875 0.0244140625 0.0642361111111111
4 0.365234375 0.4713541666666667 0.0263671875 0.08680555555555555
8 0.26171875 0.6137152777777778 0.412109375 0.7552083333333334
0 0.24609375 0.7065972222222222 0.2587890625 0.4600694444444444
4 0.01513671875 0.8359375 0.0302734375 0.11284722222222222
9 0.68798828125 0.1779513888888889 0.03515625 0.046875
9 0.70361328125 0.18489583333333334 0.0322265625 0.050347222222222224