8 0.189453125 0.3350694444444444 0.078125 0.11458333333333333
6 0.220703125 0.3498263888888889 0.0107421875 0.015625
6 0.24267578125 0.3524305555555556 0.0078125 0.012152777777777778
4 0.25537109375 0.3524305555555556 0.0078125 0.022569444444444444
0 0.177734375 0.3524305555555556 0.048828125 0.07465277777777778
4 0.23876953125 0.3585069444444444 0.0078125 0.020833333333333332
6 0.23046875 0.359375 0.0087890625 0.013888888888888888
4 0.287109375 0.3697916666666667 0.0107421875 0.027777777777777776
4 0.23779296875 0.3793402777777778 0.0087890625 0.017361111111111112
4 0.25927734375 0.3793402777777778 0.0126953125 0.027777777777777776
7 0.3505859375 0.3940972222222222 0.02734375 0.03993055555555555
7 0.38037109375 0.4001736111111111 0.0263671875 0.043402777777777776
5 0.13134765625 0.4079861111111111 0.0244140625 0.026041666666666668
5 0.1455078125 0.4088541666666667 0.0234375 0.027777777777777776
9 0.11572265625 0.4453125 0.041015625 0.04513888888888889
9 0.140625 0.4522569444444444 0.0341796875 0.03993055555555555