7 0.80322265625 0.3854166666666667 0.05859375 0.043402777777777776
7 0.791015625 0.4019097222222222 0.060546875 0.043402777777777776
5 0.9736328125 0.5529513888888888 0.05078125 0.06770833333333333
4 0.53369140625 0.5190972222222222 0.0234375 0.078125
4 0.62060546875 0.5277777777777778 0.021484375 0.0798611111111111
5 0.98095703125 0.5980902777777778 0.033203125 0.057291666666666664
4 0.5673828125 0.5763888888888888 0.021484375 0.08333333333333333
4 0.15283203125 0.6553819444444444 0.0361328125 0.0798611111111111
8 0.4072265625 0.6875 0.359375 0.59375
4 0.21826171875 0.6788194444444444 0.0390625 0.09722222222222222
0 0.35205078125 0.7578125 0.2412109375 0.4270833333333333
6 0.125 0.7604166666666666 0.0595703125 0.07118055555555555