2 0.388671875 0.23697916666666666 0.0263671875 0.03298611111111111
2 0.365234375 0.22916666666666666 0.0185546875 0.027777777777777776
8 0.5029296875 0.3072916666666667 0.0654296875 0.10416666666666667
0 0.49951171875 0.3159722222222222 0.0341796875 0.06597222222222222
6 0.52978515625 0.3298611111111111 0.005859375 0.010416666666666666
4 0.548828125 0.3411458333333333 0.009765625 0.022569444444444444
6 0.541015625 0.3385416666666667 0.0087890625 0.013888888888888888
6 0.52978515625 0.3376736111111111 0.0078125 0.012152777777777778
4 0.53515625 0.3402777777777778 0.0087890625 0.015625
4 0.43017578125 0.3064236111111111 0.01171875 0.029513888888888888
2 0.33544921875 0.2699652777777778 0.0439453125 0.0625
4 0.55810546875 0.3671875 0.009765625 0.022569444444444444
4 0.5234375 0.3541666666666667 0.0107421875 0.022569444444444444
4 0.53466796875 0.3637152777777778 0.0107421875 0.024305555555555556
3 0.39111328125 0.3098958333333333 0.025390625 0.03125
5 0.4521484375 0.3428819444444444 0.015625 0.022569444444444444
5 0.4580078125 0.3489583333333333 0.0166015625 0.022569444444444444
7 0.57568359375 0.4053819444444444 0.02734375 0.03819444444444445
7 0.59375 0.4192708333333333 0.0322265625 0.041666666666666664
9 0.42529296875 0.3611111111111111 0.025390625 0.034722222222222224
9 0.43310546875 0.3715277777777778 0.0205078125 0.029513888888888888