0 0.705078125 0.3385416666666667 0.033203125 0.0625
0 0.65966796875 0.3368055555555556 0.0244140625 0.05555555555555555
4 0.9384765625 0.4305555555555556 0.017578125 0.027777777777777776
4 0.966796875 0.4496527777777778 0.01953125 0.041666666666666664
9 0.16455078125 0.4774305555555556 0.01953125 0.036458333333333336
9 0.17919921875 0.4817708333333333 0.01953125 0.03993055555555555
2 0.51904296875 0.5538194444444444 0.0380859375 0.10069444444444445
2 0.56640625 0.5833333333333334 0.0380859375 0.11458333333333333
3 0.34814453125 0.5720486111111112 0.0244140625 0.05381944444444445
5 0.1767578125 0.5633680555555556 0.0234375 0.043402777777777776
5 0.19677734375 0.5694444444444444 0.0244140625 0.043402777777777776
4 0.00341796875 0.6848958333333334 0.0068359375 0.036458333333333336
4 0.01953125 0.71875 0.025390625 0.057291666666666664
0 0.123046875 0.7543402777777778 0.158203125 0.24479166666666666
4 0.431640625 0.7769097222222222 0.021484375 0.057291666666666664