6 0.4833984375 0.7751736111111112 0.013671875 0.022569444444444444
8 0.47119140625 0.7899305555555556 0.12890625 0.18055555555555555
6 0.50732421875 0.8081597222222222 0.0126953125 0.022569444444444444
6 0.4501953125 0.8107638888888888 0.017578125 0.024305555555555556
4 0.3017578125 0.8151041666666666 0.0087890625 0.034722222222222224
4 0.5224609375 0.8359375 0.0087890625 0.034722222222222224
6 0.48828125 0.8350694444444444 0.0126953125 0.024305555555555556
4 0.4990234375 0.8498263888888888 0.01171875 0.03125
0 0.4287109375 0.8515625 0.052734375 0.0954861111111111
2 0.0966796875 0.8211805555555556 0.0830078125 0.08854166666666667
2 0.060546875 0.8732638888888888 0.087890625 0.0954861111111111
4 0.48779296875 0.9782986111111112 0.0205078125 0.03993055555555555
4 0.56201171875 0.9913194444444444 0.0205078125 0.013888888888888888