5 0.3828125 0.2126736111111111 0.0380859375 0.06076388888888889
0 0.15625 0.3376736111111111 0.126953125 0.2048611111111111
3 0.44580078125 0.2526041666666667 0.064453125 0.0763888888888889
4 0.04443359375 0.4071180555555556 0.0302734375 0.0642361111111111
6 0.01806640625 0.4557291666666667 0.0361328125 0.07118055555555555
2 0.58056640625 0.2743055555555556 0.119140625 0.16666666666666666
2 0.57470703125 0.3680555555555556 0.1435546875 0.21006944444444445
4 0.21533203125 0.5243055555555556 0.056640625 0.11458333333333333
7 0.33251953125 0.16927083333333334 0.0537109375 0.07291666666666667
9 0.46142578125 0.125 0.0322265625 0.04861111111111111
8 0.12109375 0.2708333333333333 0.197265625 0.3125