3 0.39111328125 0.2170138888888889 0.0224609375 0.03125
4 0.50341796875 0.17708333333333334 0.009765625 0.024305555555555556
4 0.51171875 0.1831597222222222 0.0087890625 0.019097222222222224
9 0.41064453125 0.2647569444444444 0.01953125 0.026041666666666668
7 0.533203125 0.21788194444444445 0.02734375 0.036458333333333336
9 0.41748046875 0.2769097222222222 0.0244140625 0.036458333333333336
7 0.5439453125 0.2248263888888889 0.03125 0.041666666666666664
8 0.48583984375 0.11284722222222222 0.080078125 0.1388888888888889
2 0.34326171875 0.2109375 0.0380859375 0.059027777777777776
0 0.4794921875 0.1545138888888889 0.0322265625 0.059027777777777776
4 0.42529296875 0.18055555555555555 0.009765625 0.022569444444444444
4 0.52880859375 0.14322916666666666 0.0087890625 0.019097222222222224