9 0.2373046875 0.4375 0.0087890625 0.010416666666666666
9 0.24462890625 0.4418402777777778 0.009765625 0.012152777777777778
9 0.23193359375 0.4418402777777778 0.009765625 0.015625
6 0.1416015625 0.6657986111111112 0.013671875 0.020833333333333332
6 0.14990234375 0.6979166666666666 0.0146484375 0.020833333333333332
6 0.08935546875 0.7144097222222222 0.015625 0.020833333333333332
4 0.15087890625 0.7282986111111112 0.0126953125 0.029513888888888888
6 0.12060546875 0.7335069444444444 0.0166015625 0.024305555555555556
4 0.12158203125 0.7491319444444444 0.013671875 0.03125
0 0.03466796875 0.7803819444444444 0.0693359375 0.0920138888888889
4 0.11962890625 0.8888888888888888 0.0146484375 0.03993055555555555
4 0.0576171875 0.8854166666666666 0.0126953125 0.034722222222222224
4 0.05859375 0.9314236111111112 0.017578125 0.03298611111111111