2 0.26953125 0.2673611111111111 0.130859375 0.125
2 0.26123046875 0.3454861111111111 0.1328125 0.1892361111111111
9 0.55712890625 0.03298611111111111 0.01171875 0.013888888888888888
7 0.4951171875 0.03819444444444445 0.0146484375 0.017361111111111112
2 0.39404296875 0.4210069444444444 0.1689453125 0.22916666666666666
5 0.5263671875 0.050347222222222224 0.0126953125 0.015625
2 0.59912109375 0.050347222222222224 0.02734375 0.034722222222222224
4 0.4521484375 0.057291666666666664 0.0068359375 0.017361111111111112
0 0.47216796875 0.059027777777777776 0.01953125 0.03298611111111111
3 0.5556640625 0.057291666666666664 0.0185546875 0.020833333333333332
4 0.41357421875 0.06684027777777778 0.005859375 0.017361111111111112
4 0.4296875 0.06597222222222222 0.0068359375 0.013888888888888888
2 0.59423828125 0.06163194444444445 0.02734375 0.034722222222222224
6 0.40478515625 0.07378472222222222 0.01171875 0.013888888888888888
4 0.50341796875 0.07725694444444445 0.0078125 0.019097222222222224
6 0.39453125 0.08159722222222222 0.009765625 0.010416666666666666