2 0.1142578125 0.5060763888888888 0.021484375 0.026041666666666668
2 0.126953125 0.5112847222222222 0.03125 0.034722222222222224
2 0.087890625 0.5199652777777778 0.0283203125 0.03298611111111111
9 0.32958984375 0.4678819444444444 0.0087890625 0.013888888888888888
9 0.3251953125 0.4722222222222222 0.009765625 0.013888888888888888
9 0.3369140625 0.4704861111111111 0.01171875 0.015625
6 0.2685546875 0.6623263888888888 0.01171875 0.015625
6 0.27685546875 0.6875 0.0126953125 0.017361111111111112
6 0.232421875 0.7065972222222222 0.015625 0.022569444444444444
4 0.2802734375 0.7100694444444444 0.013671875 0.027777777777777776
6 0.2568359375 0.7170138888888888 0.015625 0.022569444444444444
4 0.1123046875 0.7560763888888888 0.015625 0.03125
4 0.25927734375 0.7300347222222222 0.013671875 0.03125
0 0.193359375 0.7543402777777778 0.0546875 0.08333333333333333
4 0.22119140625 0.8289930555555556 0.0107421875 0.027777777777777776
4 0.26513671875 0.8255208333333334 0.0126953125 0.03298611111111111
4 0.2255859375 0.8637152777777778 0.0146484375 0.034722222222222224