4 0.0068359375 0.3298611111111111 0.0107421875 0.019097222222222224
6 0.056640625 0.328125 0.021484375 0.027777777777777776
6 0.01513671875 0.3420138888888889 0.021484375 0.026041666666666668
6 0.00732421875 0.3758680555555556 0.0146484375 0.03298611111111111
2 0.2841796875 0.1467013888888889 0.0283203125 0.07118055555555555
2 0.30224609375 0.14322916666666666 0.0283203125 0.06597222222222222
9 0.1103515625 0.2144097222222222 0.0146484375 0.022569444444444444
9 0.103515625 0.2170138888888889 0.0146484375 0.020833333333333332
3 0.19580078125 0.2013888888888889 0.0244140625 0.036458333333333336
5 0.10791015625 0.24131944444444445 0.0126953125 0.022569444444444444
5 0.119140625 0.2378472222222222 0.0146484375 0.019097222222222224
8 0.0791015625 0.2604166666666667 0.0751953125 0.109375
0 0.0859375 0.2586805555555556 0.0625 0.09722222222222222
4 0.20263671875 0.2378472222222222 0.015625 0.036458333333333336
4 0.02490234375 0.296875 0.013671875 0.029513888888888888
4 0.03759765625 0.2986111111111111 0.0146484375 0.03298611111111111