0 0.64697265625 0.2630208333333333 0.0205078125 0.03993055555555555
0 0.607421875 0.2873263888888889 0.033203125 0.05381944444444445
9 0.17578125 0.6137152777777778 0.0263671875 0.052083333333333336
9 0.19140625 0.6128472222222222 0.0234375 0.04861111111111111
2 0.4931640625 0.5295138888888888 0.0546875 0.15104166666666666
2 0.53369140625 0.5295138888888888 0.04296875 0.12152777777777778
3 0.35302734375 0.6171875 0.0537109375 0.1111111111111111
5 0.2021484375 0.6831597222222222 0.02734375 0.046875
5 0.22021484375 0.6796875 0.029296875 0.06770833333333333
4 0.43408203125 0.7248263888888888 0.033203125 0.09027777777777778
0 0.208984375 0.8315972222222222 0.119140625 0.1579861111111111