8 0.28515625 0.2760416666666667 0.0751953125 0.09895833333333333
0 0.283203125 0.2821180555555556 0.0400390625 0.06597222222222222
6 0.32080078125 0.2916666666666667 0.01171875 0.013888888888888888
4 0.34765625 0.2994791666666667 0.0078125 0.020833333333333332
6 0.33642578125 0.2994791666666667 0.0107421875 0.013888888888888888
6 0.3271484375 0.3029513888888889 0.0107421875 0.013888888888888888
4 0.1865234375 0.2925347222222222 0.0107421875 0.029513888888888888
4 0.37060546875 0.3229166666666667 0.0087890625 0.022569444444444444
4 0.3291015625 0.3177083333333333 0.0078125 0.024305555555555556
4 0.34521484375 0.3237847222222222 0.0107421875 0.024305555555555556
3 0.1318359375 0.3038194444444444 0.0380859375 0.03819444444444445
7 0.4169921875 0.3550347222222222 0.02734375 0.04513888888888889
5 0.23828125 0.3289930555555556 0.021484375 0.027777777777777776
5 0.24755859375 0.3298611111111111 0.0185546875 0.024305555555555556
7 0.443359375 0.3645833333333333 0.0283203125 0.043402777777777776
9 0.216796875 0.3576388888888889 0.03125 0.04513888888888889
9 0.23486328125 0.3654513888888889 0.03125 0.041666666666666664