7 0.015625 0.3967013888888889 0.03125 0.057291666666666664
7 0.04443359375 0.3836805555555556 0.0390625 0.06944444444444445
4 0.52099609375 0.15885416666666666 0.021484375 0.043402777777777776
4 0.2001953125 0.3446180555555556 0.0244140625 0.04861111111111111
4 0.248046875 0.3298611111111111 0.025390625 0.05381944444444445
4 0.1796875 0.3862847222222222 0.03125 0.05555555555555555
4 0.341796875 0.3359375 0.02734375 0.057291666666666664
6 0.4560546875 0.2847222222222222 0.025390625 0.04513888888888889
6 0.380859375 0.3385416666666667 0.0234375 0.046875
4 0.341796875 0.3689236111111111 0.0283203125 0.06076388888888889
6 0.416015625 0.359375 0.029296875 0.05555555555555555
6 0.5234375 0.3203125 0.0283203125 0.046875
2 0.4833984375 0.08854166666666667 0.0458984375 0.0954861111111111
2 0.52685546875 0.06944444444444445 0.0498046875 0.09722222222222222
9 0.16259765625 0.2630208333333333 0.017578125 0.041666666666666664
9 0.14208984375 0.2734375 0.0263671875 0.046875