8 0.6474609375 0.46875 0.1865234375 0.3107638888888889
6 0.5244140625 0.4730902777777778 0.0341796875 0.043402777777777776
6 0.60546875 0.5234375 0.0244140625 0.046875
0 0.6552734375 0.5460069444444444 0.083984375 0.1267361111111111
6 0.5595703125 0.5138888888888888 0.0302734375 0.050347222222222224
4 0.78125 0.6041666666666666 0.021484375 0.043402777777777776
4 0.76416015625 0.6137152777777778 0.0185546875 0.04861111111111111
4 0.81005859375 0.6397569444444444 0.0234375 0.04861111111111111
4 0.51953125 0.5607638888888888 0.037109375 0.06944444444444445
5 0.94677734375 0.7803819444444444 0.06640625 0.09895833333333333
3 0.83349609375 0.7717013888888888 0.0888671875 0.1076388888888889
2 0.51171875 0.7361111111111112 0.1181640625 0.2725694444444444
2 0.64013671875 0.8029513888888888 0.14453125 0.2881944444444444