2 0.7138671875 0.2309027777777778 0.04296875 0.05555555555555555
2 0.69140625 0.2404513888888889 0.046875 0.0625
4 0.84033203125 0.2925347222222222 0.0146484375 0.03298611111111111
8 0.94921875 0.3072916666666667 0.099609375 0.19791666666666666
3 0.7255859375 0.3246527777777778 0.03515625 0.043402777777777776
7 0.9892578125 0.3680555555555556 0.01953125 0.034722222222222224
0 0.9296875 0.3654513888888889 0.072265625 0.09027777777777778
5 0.76123046875 0.4244791666666667 0.0302734375 0.036458333333333336
5 0.76123046875 0.4487847222222222 0.03125 0.03993055555555555
4 0.935546875 0.4635416666666667 0.0205078125 0.041666666666666664
4 0.93505859375 0.5060763888888888 0.021484375 0.050347222222222224
9 0.6083984375 0.5095486111111112 0.0341796875 0.04513888888888889
9 0.59716796875 0.5434027777777778 0.041015625 0.052083333333333336
2 0.87744140625 0.09027777777777778 0.0302734375 0.03819444444444445
7 0.85693359375 0.7144097222222222 0.08984375 0.0763888888888889
2 0.9072265625 0.09461805555555555 0.02734375 0.03993055555555555
7 0.85009765625 0.7916666666666666 0.09765625 0.09375
2 0.92041015625 0.10416666666666667 0.03515625 0.036458333333333336
0 0.3369140625 0.06944444444444445 0.029296875 0.03993055555555555