2 0.1103515625 0.4192708333333333 0.025390625 0.03298611111111111
2 0.125 0.4166666666666667 0.025390625 0.036458333333333336
2 0.0830078125 0.4392361111111111 0.0302734375 0.041666666666666664
8 0.28125 0.3819444444444444 0.06640625 0.10590277777777778
0 0.28564453125 0.3897569444444444 0.033203125 0.07118055555555555
6 0.31982421875 0.3828125 0.009765625 0.012152777777777778
4 0.34423828125 0.3758680555555556 0.0087890625 0.020833333333333332
6 0.33544921875 0.3802083333333333 0.0107421875 0.017361111111111112
4 0.330078125 0.3854166666666667 0.0068359375 0.020833333333333332
6 0.3251953125 0.3897569444444444 0.009765625 0.017361111111111112
4 0.2001953125 0.4453125 0.0107421875 0.024305555555555556
2 0.0556640625 0.5052083333333334 0.060546875 0.078125
4 0.3642578125 0.3862847222222222 0.01171875 0.03125
4 0.3271484375 0.4045138888888889 0.0107421875 0.024305555555555556
4 0.341796875 0.4010416666666667 0.0107421875 0.026041666666666668
3 0.1533203125 0.4809027777777778 0.033203125 0.03819444444444445
5 0.2451171875 0.4557291666666667 0.0205078125 0.026041666666666668
5 0.25537109375 0.4548611111111111 0.0224609375 0.026041666666666668
7 0.40576171875 0.3993055555555556 0.0283203125 0.03993055555555555
7 0.42919921875 0.3949652777777778 0.0322265625 0.052083333333333336
9 0.2255859375 0.4956597222222222 0.0302734375 0.043402777777777776
9 0.24267578125 0.4930555555555556 0.0283203125 0.03993055555555555