0 0.3603515625 0.3237847222222222 0.013671875 0.019097222222222224
0 0.3349609375 0.328125 0.013671875 0.020833333333333332
2 0.2685546875 0.4522569444444444 0.015625 0.03993055555555555
2 0.24609375 0.4557291666666667 0.0185546875 0.04513888888888889
2 0.7685546875 0.3975694444444444 0.0361328125 0.06076388888888889
9 0.017578125 0.5026041666666666 0.0087890625 0.019097222222222224
9 0.00439453125 0.5078125 0.0087890625 0.026041666666666668
0 0.1064453125 0.53125 0.0341796875 0.059027777777777776
4 0.00390625 0.5694444444444444 0.005859375 0.015625
4 0.03076171875 0.5668402777777778 0.0087890625 0.019097222222222224
2 0.1279296875 0.5737847222222222 0.0087890625 0.015625
4 0.06201171875 0.5885416666666666 0.0087890625 0.020833333333333332
2 0.080078125 0.5911458333333334 0.009765625 0.017361111111111112
4 0.04833984375 0.6050347222222222 0.009765625 0.022569444444444444
2 0.07958984375 0.6085069444444444 0.0107421875 0.020833333333333332
2 0.12744140625 0.6032986111111112 0.009765625 0.015625
9 0.72998046875 0.7873263888888888 0.03515625 0.07465277777777778
9 0.76708984375 0.8194444444444444 0.0380859375 0.078125
9 0.7216796875 0.8385416666666666 0.033203125 0.057291666666666664