2 0.44189453125 0.3142361111111111 0.017578125 0.027777777777777776
2 0.46533203125 0.3081597222222222 0.017578125 0.026041666666666668
8 0.55615234375 0.3211805555555556 0.08203125 0.1371527777777778
2 0.4140625 0.3845486111111111 0.03515625 0.052083333333333336
0 0.54638671875 0.3506944444444444 0.0283203125 0.05381944444444445
4 0.49267578125 0.3680555555555556 0.009765625 0.019097222222222224
3 0.45849609375 0.3975694444444444 0.0224609375 0.027777777777777776
4 0.5771484375 0.3819444444444444 0.0107421875 0.027777777777777776
5 0.5078125 0.40625 0.0224609375 0.026041666666666668
9 0.4775390625 0.4496527777777778 0.029296875 0.03993055555555555
7 0.59716796875 0.4149305555555556 0.0263671875 0.03125
7 0.6083984375 0.4227430555555556 0.02734375 0.03298611111111111