0 0.4755859375 0.1762152777777778 0.033203125 0.052083333333333336
3 0.1240234375 0.3125 0.0283203125 0.03819444444444445
0 0.5078125 0.1701388888888889 0.033203125 0.05381944444444445
2 0.17822265625 0.2977430555555556 0.0361328125 0.04513888888888889
2 0.1728515625 0.3116319444444444 0.0419921875 0.059027777777777776
4 0.0537109375 0.3567708333333333 0.0146484375 0.029513888888888888
4 0.57666015625 0.23697916666666666 0.0107421875 0.024305555555555556
4 0.5888671875 0.23958333333333334 0.0107421875 0.026041666666666668
4 0.55810546875 0.2526041666666667 0.0126953125 0.027777777777777776
4 0.5703125 0.25 0.01171875 0.027777777777777776
7 0.0380859375 0.3003472222222222 0.0341796875 0.046875
0 0.0126953125 0.3385416666666667 0.025390625 0.09027777777777778
5 0.0859375 0.3090277777777778 0.021484375 0.03125