2 0.44677734375 0.2960069444444444 0.0146484375 0.03298611111111111
2 0.46630859375 0.2960069444444444 0.0126953125 0.029513888888888888
2 0.48291015625 0.3003472222222222 0.0166015625 0.026041666666666668
4 0.34765625 0.3793402777777778 0.01171875 0.029513888888888888
4 0.35888671875 0.3767361111111111 0.0126953125 0.029513888888888888
8 0.57568359375 0.3289930555555556 0.1376953125 0.21180555555555555
8 0.7099609375 0.3602430555555556 0.1552734375 0.2534722222222222
0 0.56201171875 0.4635416666666667 0.0986328125 0.13541666666666666
2 0.7431640625 0.4340277777777778 0.0283203125 0.043402777777777776
2 0.77197265625 0.4461805555555556 0.033203125 0.052083333333333336
0 0.70556640625 0.5008680555555556 0.0830078125 0.1284722222222222