0 0.6103515625 0.20052083333333334 0.0556640625 0.06944444444444445
0 0.5595703125 0.1996527777777778 0.03515625 0.050347222222222224
7 0.041015625 0.23524305555555555 0.0263671875 0.019097222222222224
7 0.02587890625 0.2404513888888889 0.029296875 0.022569444444444444
2 0.01953125 0.2986111111111111 0.0361328125 0.059027777777777776
4 0.62255859375 0.4427083333333333 0.017578125 0.04861111111111111
4 0.66064453125 0.4453125 0.015625 0.046875
4 0.6357421875 0.4782986111111111 0.0166015625 0.052083333333333336
4 0.646484375 0.4782986111111111 0.01171875 0.04861111111111111
4 0.5810546875 0.4791666666666667 0.01953125 0.046875
4 0.5361328125 0.4895833333333333 0.017578125 0.046875