0 0.564453125 0.3428819444444444 0.037109375 0.0625
0 0.6123046875 0.3541666666666667 0.052734375 0.057291666666666664
7 0.07275390625 0.3845486111111111 0.0302734375 0.022569444444444444
7 0.05712890625 0.3888888888888889 0.0341796875 0.029513888888888888
2 0.05224609375 0.4461805555555556 0.0615234375 0.06076388888888889
2 0.0234375 0.4583333333333333 0.046875 0.06944444444444445
4 0.63720703125 0.5607638888888888 0.0185546875 0.050347222222222224
4 0.6728515625 0.5616319444444444 0.0185546875 0.046875
4 0.6640625 0.5868055555555556 0.013671875 0.041666666666666664
4 0.603515625 0.5885416666666666 0.015625 0.04861111111111111
4 0.6533203125 0.5946180555555556 0.0146484375 0.05555555555555555
4 0.56298828125 0.6024305555555556 0.0166015625 0.04861111111111111