9 0.27294921875 0.5477430555555556 0.0078125 0.013888888888888888
9 0.26416015625 0.5529513888888888 0.015625 0.015625
2 0.02197265625 0.6675347222222222 0.0302734375 0.041666666666666664
2 0.03466796875 0.6666666666666666 0.03515625 0.043402777777777776
6 0.21435546875 0.7873263888888888 0.0166015625 0.029513888888888888
6 0.2265625 0.8116319444444444 0.0185546875 0.027777777777777776
6 0.1767578125 0.8524305555555556 0.0166015625 0.026041666666666668
6 0.23193359375 0.8359375 0.0126953125 0.029513888888888888
6 0.20556640625 0.8532986111111112 0.0185546875 0.027777777777777776
4 0.2099609375 0.8663194444444444 0.01171875 0.027777777777777776
0 0.13427734375 0.9305555555555556 0.0791015625 0.10069444444444445
4 0.2275390625 0.9765625 0.015625 0.03125
4 0.1748046875 0.9913194444444444 0.017578125 0.013888888888888888