2 0.45263671875 0.3342013888888889 0.015625 0.03125
2 0.4365234375 0.3411458333333333 0.017578125 0.03819444444444445
2 0.41796875 0.3489583333333333 0.0185546875 0.034722222222222224
8 0.55029296875 0.3394097222222222 0.1396484375 0.3263888888888889
8 0.70263671875 0.3272569444444444 0.1435546875 0.2881944444444444
2 0.7548828125 0.3220486111111111 0.0263671875 0.052083333333333336
4 0.353515625 0.4930555555555556 0.013671875 0.029513888888888888
4 0.3203125 0.5078125 0.013671875 0.03298611111111111
4 0.34130859375 0.5043402777777778 0.0146484375 0.03298611111111111
0 0.5625 0.4947916666666667 0.111328125 0.13194444444444445
0 0.7158203125 0.4548611111111111 0.09765625 0.12152777777777778