3 0.3203125 0.1284722222222222 0.0224609375 0.029513888888888888
0 0.6171875 0.3194444444444444 0.07421875 0.10590277777777778
1 0.33349609375 0.24305555555555555 0.0341796875 0.05381944444444445
1 0.26025390625 0.2777777777777778 0.0791015625 0.08680555555555555
2 0.7041015625 0.4401041666666667 0.0947265625 0.14756944444444445
2 0.59912109375 0.4105902777777778 0.0771484375 0.16145833333333334
2 0.71728515625 0.515625 0.1005859375 0.21180555555555555
2 0.599609375 0.5538194444444444 0.087890625 0.22569444444444445
3 0.32177734375 0.0798611111111111 0.01953125 0.041666666666666664
7 0.099609375 0.015625 0.03125 0.03125
8 0.91259765625 0.2690972222222222 0.140625 0.2552083333333333
8 0.60400390625 0.17447916666666666 0.171875 0.2795138888888889
3 0.34130859375 0.10590277777777778 0.029296875 0.043402777777777776