7 0.65673828125 0.3454861111111111 0.015625 0.019097222222222224
7 0.642578125 0.3428819444444444 0.017578125 0.024305555555555556
0 0.517578125 0.3090277777777778 0.0244140625 0.046875
3 0.5478515625 0.3715277777777778 0.017578125 0.022569444444444444
2 0.103515625 0.2404513888888889 0.0302734375 0.05381944444444445
2 0.07568359375 0.24131944444444445 0.0283203125 0.05381944444444445
2 0.044921875 0.2595486111111111 0.03125 0.05381944444444445
0 0.65478515625 0.8758680555555556 0.044921875 0.08854166666666667
4 0.17431640625 0.7326388888888888 0.0166015625 0.034722222222222224
4 0.16357421875 0.7699652777777778 0.021484375 0.03819444444444445
4 0.1728515625 0.8203125 0.021484375 0.036458333333333336
4 0.13720703125 0.8133680555555556 0.0224609375 0.036458333333333336
0 0.58837890625 0.96875 0.0478515625 0.059027777777777776
4 0.13232421875 0.8289930555555556 0.0205078125 0.03993055555555555
4 0.14990234375 0.859375 0.0224609375 0.04513888888888889