2 0.62890625 0.3576388888888889 0.0205078125 0.034722222222222224
2 0.650390625 0.3689236111111111 0.0205078125 0.036458333333333336
4 0.6689453125 0.4097222222222222 0.0068359375 0.019097222222222224
0 0.62890625 0.3949652777777778 0.029296875 0.052083333333333336
3 0.4462890625 0.3472222222222222 0.013671875 0.022569444444444444
3 0.427734375 0.3428819444444444 0.013671875 0.024305555555555556
4 0.5693359375 0.3984375 0.0087890625 0.015625
4 0.54638671875 0.390625 0.0068359375 0.017361111111111112
6 0.67236328125 0.4392361111111111 0.009765625 0.013888888888888888
4 0.55419921875 0.4010416666666667 0.0068359375 0.017361111111111112
4 0.634765625 0.4322916666666667 0.0078125 0.022569444444444444
6 0.650390625 0.4375 0.0107421875 0.013888888888888888
6 0.71044921875 0.4678819444444444 0.0087890625 0.013888888888888888
6 0.673828125 0.4548611111111111 0.009765625 0.012152777777777778
4 0.64501953125 0.4444444444444444 0.0048828125 0.013888888888888888