2 0.9677734375 0.3880208333333333 0.0380859375 0.059027777777777776
2 0.98876953125 0.4157986111111111 0.0205078125 0.07465277777777778
2 0.69677734375 0.3107638888888889 0.0478515625 0.0763888888888889
2 0.66650390625 0.2994791666666667 0.052734375 0.08506944444444445
3 0.6455078125 0.3559027777777778 0.0419921875 0.0642361111111111
8 0.85009765625 0.4661458333333333 0.126953125 0.24305555555555555
9 0.42333984375 0.3211805555555556 0.0458984375 0.06770833333333333
9 0.390625 0.3194444444444444 0.041015625 0.07118055555555555
5 0.61376953125 0.4149305555555556 0.0283203125 0.046875
5 0.595703125 0.4166666666666667 0.0390625 0.05381944444444445
0 0.82275390625 0.5130208333333334 0.0791015625 0.11979166666666667
0 0.4404296875 0.018229166666666668 0.044921875 0.036458333333333336
6 0.89794921875 0.5824652777777778 0.0283203125 0.041666666666666664
6 0.98095703125 0.6475694444444444 0.02734375 0.046875
4 0.763671875 0.5694444444444444 0.0224609375 0.050347222222222224
6 0.9091796875 0.6293402777777778 0.03125 0.03298611111111111
4 0.734375 0.5746527777777778 0.0234375 0.04861111111111111
6 0.9609375 0.6692708333333334 0.0283203125 0.03993055555555555
4 0.9365234375 0.6744791666666666 0.0234375 0.05555555555555555
4 0.7890625 0.6440972222222222 0.025390625 0.06076388888888889
7 0.51171875 0.5668402777777778 0.0859375 0.125
7 0.455078125 0.5755208333333334 0.0859375 0.1232638888888889