2 0.078125 0.5277777777777778 0.029296875 0.04513888888888889
2 0.10107421875 0.53125 0.0263671875 0.04861111111111111
2 0.03564453125 0.5442708333333334 0.0322265625 0.046875
6 0.4560546875 0.6996527777777778 0.0126953125 0.024305555555555556
6 0.48876953125 0.7222222222222222 0.0087890625 0.020833333333333332
4 0.51416015625 0.7430555555555556 0.0087890625 0.019097222222222224
6 0.4599609375 0.7508680555555556 0.015625 0.029513888888888888
6 0.494140625 0.7543402777777778 0.015625 0.026041666666666668
4 0.509765625 0.7647569444444444 0.0087890625 0.020833333333333332
8 0.48193359375 0.8020833333333334 0.068359375 0.11631944444444445
0 0.4794921875 0.8098958333333334 0.0400390625 0.0625
4 0.36669921875 0.8272569444444444 0.0146484375 0.03993055555555555
4 0.5966796875 0.8515625 0.013671875 0.03125
4 0.55908203125 0.8671875 0.015625 0.03125
4 0.59228515625 0.8940972222222222 0.009765625 0.029513888888888888
2 0.2421875 0.9557291666666666 0.0546875 0.08506944444444445
2 0.26611328125 0.9782986111111112 0.0537109375 0.03993055555555555