2 0.43017578125 0.3185763888888889 0.0205078125 0.03298611111111111
2 0.45166015625 0.3168402777777778 0.0146484375 0.03125
2 0.466796875 0.3159722222222222 0.015625 0.03298611111111111
8 0.689453125 0.3272569444444444 0.126953125 0.2829861111111111
8 0.5546875 0.3602430555555556 0.1357421875 0.28125
4 0.32568359375 0.4366319444444444 0.017578125 0.03298611111111111
4 0.3525390625 0.4340277777777778 0.0166015625 0.03819444444444445
4 0.3427734375 0.4401041666666667 0.0126953125 0.034722222222222224
2 0.76416015625 0.3880208333333333 0.0263671875 0.046875
0 0.55615234375 0.484375 0.115234375 0.125
0 0.7080078125 0.4791666666666667 0.0908203125 0.11805555555555555