0 0.17919921875 0.3220486111111111 0.017578125 0.029513888888888888
9 0.5751953125 0.3055555555555556 0.013671875 0.019097222222222224
2 0.18798828125 0.3671875 0.017578125 0.029513888888888888
9 0.5634765625 0.3090277777777778 0.01171875 0.022569444444444444
2 0.16455078125 0.3723958333333333 0.01953125 0.03993055555555555
0 0.09912109375 0.4036458333333333 0.033203125 0.043402777777777776
4 0.0146484375 0.4375 0.0087890625 0.019097222222222224
6 0.142578125 0.6171875 0.021484375 0.029513888888888888
6 0.14794921875 0.6449652777777778 0.0244140625 0.03819444444444445
6 0.04833984375 0.6762152777777778 0.0302734375 0.041666666666666664
6 0.0478515625 0.7057291666666666 0.0302734375 0.046875