4 0.88134765625 0.0798611111111111 0.01171875 0.029513888888888888
2 0.759765625 0.14583333333333334 0.044921875 0.06944444444444445
3 0.8271484375 0.1328125 0.0302734375 0.03819444444444445
5 0.91259765625 0.10677083333333333 0.021484375 0.03298611111111111
5 0.92236328125 0.10677083333333333 0.0263671875 0.034722222222222224
9 0.8681640625 0.1684027777777778 0.03125 0.04513888888888889
0 0.40673828125 0.3342013888888889 0.0234375 0.034722222222222224
9 0.88134765625 0.171875 0.033203125 0.04513888888888889
2 0.8125 0.04079861111111111 0.021484375 0.03125
2 0.82275390625 0.03732638888888889 0.025390625 0.036458333333333336
2 0.78857421875 0.06163194444444445 0.0244140625 0.03298611111111111