7 0.25 0.5164930555555556 0.0234375 0.019097222222222224
7 0.236328125 0.5243055555555556 0.0224609375 0.019097222222222224
4 0.12158203125 0.5746527777777778 0.0068359375 0.019097222222222224
4 0.14111328125 0.5746527777777778 0.0087890625 0.019097222222222224
5 0.203125 0.5703125 0.0107421875 0.013888888888888888
5 0.19384765625 0.578125 0.0126953125 0.017361111111111112
4 0.11669921875 0.5868055555555556 0.009765625 0.022569444444444444
0 0.05712890625 0.6111111111111112 0.037109375 0.05555555555555555
4 0.0078125 0.6171875 0.0068359375 0.020833333333333332
4 0.0263671875 0.6171875 0.0107421875 0.022569444444444444
8 0.59521484375 0.5729166666666666 0.1240234375 0.19791666666666666
3 0.15625 0.6232638888888888 0.0263671875 0.027777777777777776
2 0.1103515625 0.6805555555555556 0.0517578125 0.057291666666666664
2 0.06298828125 0.7109375 0.0517578125 0.06770833333333333
0 0.63427734375 0.6996527777777778 0.0517578125 0.06770833333333333
8 0.68603515625 0.71875 0.1025390625 0.0954861111111111
0 0.69873046875 0.7855902777777778 0.0810546875 0.08333333333333333