0 0.572265625 0.2378472222222222 0.0380859375 0.06076388888888889
0 0.61572265625 0.2586805555555556 0.046875 0.06770833333333333
9 0.15283203125 0.1640625 0.0244140625 0.034722222222222224
7 0.06884765625 0.14322916666666666 0.0244140625 0.029513888888888888
7 0.056640625 0.1449652777777778 0.0244140625 0.029513888888888888
5 0.060546875 0.1701388888888889 0.0244140625 0.03298611111111111
2 0.0830078125 0.20833333333333334 0.0576171875 0.06944444444444445
4 0.66650390625 0.453125 0.013671875 0.03298611111111111
4 0.638671875 0.4435763888888889 0.013671875 0.03993055555555555
2 0.052734375 0.21788194444444445 0.0625 0.08159722222222222
4 0.6572265625 0.4756944444444444 0.0146484375 0.03819444444444445
4 0.64794921875 0.4739583333333333 0.013671875 0.041666666666666664
4 0.61083984375 0.4626736111111111 0.013671875 0.03298611111111111
4 0.57861328125 0.4670138888888889 0.015625 0.036458333333333336