2 0.20068359375 0.3376736111111111 0.02734375 0.03819444444444445
2 0.23291015625 0.3376736111111111 0.025390625 0.034722222222222224
2 0.24462890625 0.3498263888888889 0.0263671875 0.034722222222222224
9 0.47509765625 0.3845486111111111 0.009765625 0.017361111111111112
9 0.48876953125 0.3871527777777778 0.0126953125 0.015625
6 0.47412109375 0.7803819444444444 0.013671875 0.024305555555555556
6 0.498046875 0.8506944444444444 0.017578125 0.026041666666666668
6 0.44287109375 0.8680555555555556 0.017578125 0.026041666666666668
4 0.294921875 0.9036458333333334 0.0224609375 0.043402777777777776
6 0.482421875 0.9114583333333334 0.01953125 0.029513888888888888
4 0.51318359375 0.9123263888888888 0.0166015625 0.03298611111111111
2 0.08447265625 0.9722222222222222 0.0927734375 0.052083333333333336
4 0.49267578125 0.9522569444444444 0.0126953125 0.029513888888888888
0 0.4169921875 0.9835069444444444 0.0625 0.029513888888888888