0 0.154296875 0.1953125 0.0322265625 0.06076388888888889
2 0.568359375 0.3159722222222222 0.0263671875 0.034722222222222224
2 0.54638671875 0.3151041666666667 0.01953125 0.029513888888888888
8 0.6552734375 0.3776041666666667 0.0654296875 0.12152777777777778
2 0.5087890625 0.3602430555555556 0.0341796875 0.04861111111111111
4 0.58740234375 0.3914930555555556 0.0087890625 0.022569444444444444
0 0.6435546875 0.4097222222222222 0.029296875 0.04861111111111111
3 0.54833984375 0.3967013888888889 0.0205078125 0.024305555555555556
4 0.69384765625 0.4340277777777778 0.009765625 0.022569444444444444
5 0.59130859375 0.4322916666666667 0.0126953125 0.015625
5 0.59765625 0.4392361111111111 0.0166015625 0.020833333333333332
4 0.69287109375 0.4600694444444444 0.01171875 0.024305555555555556
9 0.55810546875 0.4513888888888889 0.017578125 0.020833333333333332
9 0.5625 0.4618055555555556 0.01953125 0.029513888888888888
7 0.68603515625 0.4982638888888889 0.02734375 0.029513888888888888
7 0.6982421875 0.5164930555555556 0.0322265625 0.03298611111111111