4 0.57275390625 0.1935763888888889 0.0107421875 0.03125
4 0.55859375 0.1996527777777778 0.0146484375 0.034722222222222224
5 0.04248046875 0.12065972222222222 0.0205078125 0.03125
2 0.1298828125 0.1423611111111111 0.0439453125 0.059027777777777776
3 0.07861328125 0.1371527777777778 0.0283203125 0.029513888888888888
2 0.1201171875 0.16145833333333334 0.046875 0.06770833333333333
0 0.48876953125 0.05642361111111111 0.0361328125 0.052083333333333336
0 0.52734375 0.0685763888888889 0.0390625 0.050347222222222224
9 0.095703125 0.08854166666666667 0.0185546875 0.03125
4 0.58349609375 0.1796875 0.0107421875 0.029513888888888888
4 0.5966796875 0.18489583333333334 0.015625 0.034722222222222224